200 45
7 8 6 6 5 5 10 5 5 10 10 5 6 8 8 5 5 7 7 8 5 10 5 5 6 9 9 5 5 5 6 10 6 7 9 7 6 7 9 5 8 6 7 8 6 5 10 10 9 7 6 7 8 8 6 7 8 6 9 10 9 9 7 9 7 10 9 8 7 10 10 10 8 7 5 6 9 9 8 8 9 6 10 6 10 10 10 6 6 6 8 8 5 9 7 5 9 10 9 7 8 6 5 9 7 7 9 8 10 8 10 9 9 10 6 5 7 10 9 6 7 8 10 8 6 8 7 5 9 9 9 7 9 5 7 10 8 6 10 5 6 8 7 10 9 10 6 6 6 8 8 7 7 6 9 5 5 10 6 10 7 10 6 8 7 7 7 6 10 6 7 6 8 6 5 7 10 7 6 5 5 7 10 10 8 10 10 8 5 5 5 9 6 10 9 10 5 10 7 8
27 81
27 141
183 141
183 147
183 181
147 55
147 48
55 127
55 73
152 127
47 127
152 74
152 197
74 21
74 11
104 197
107 197
104 62
104 120
188 62
115 188
115 92
5 92
5 57
57 136
136 171
26 171
72 26
72 114
70 114
68 70
68 140
140 91
172 120
172 34
129 34
129 90
0 90
0 80
80 186
93 186
93 103
103 75
112 75
156 112
42 156
61 42
107 154
77 154
77 53
53 4
175 4
175 22
142 22
142 167
79 167
79 130
159 130
159 99
187 99
187 17
17 121
17 56
108 47
184 47
108 179
100 179
100 133
133 176
191 176
135 191
135 143
143 131
131 122
122 123
123 40
40 32
15 32
15 2
110 2
20 2
29 110
20 76
184 19
184 118
19 10
10 36
177 36
146 177
101 146
101 12
12 164
111 164
111 173
173 9
150 9
102 150
102 66
39 66
193 39
16 39
165 118
88 118
151 165
151 51
174 51
109 174
166 109
166 119
194 119
116 194
6 116
6 148
148 54
54 163
163 64
8 64
88 96
88 105
96 38
38 157
157 25
25 18
18 137
89 137
124 89
1 124
37 1
85 37
85 134
87 134
87 158
198 105
49 105
198 78
78 86
86 63
94 63
94 145
139 145
139 84
84 82
65 82
59 65
14 59
14 169
49 196
49 189
144 196
31 196
132 144
132 180
180 192
192 30
30 113
13 113
97 13
117 97
126 117
126 23
31 3
3 162
7 162
98 7
125 98
125 190
60 190
24 60
24 185
185 50
153 189
46 189
73 35
48 138
48 106
69 181
178 181
199 170
195 170
41 160
45 161
71 161
52 71
44 71
168 52
41 52
168 155
168 170
155 67
83 67
28 83
33 28
149 33
128 149
95 128
182 95
58 182
58 43
43 81
