943 320
5 10 9 10 6 5 5 7 5 6 10 5 10 7 10 6 10 9 5 5 7 5 6 5 8 10 7 8 10 9 6 10 5 5 9 6 10 8 7 8 6 7 8 6 6 6 8 5 10 9 6 8 10 7 7 8 10 6 6 9 5 8 5 5 10 9 7 10 6 5 7 7 8 6 9 6 7 5 5 6 6 9 6 6 9 9 6 6 8 7 10 5 9 10 7 5 6 9 7 9 5 5 10 5 8 6 10 8 10 7 6 8 6 6 6 6 6 5 6 5 10 6 5 5 6 8 9 10 7 8 9 10 6 7 5 8 5 9 6 5 10 10 5 8 5 8 5 10 9 6 9 8 8 6 8 8 5 5 6 7 5 7 10 8 8 6 7 6 9 5 7 9 8 7 8 10 6 8 7 9 8 8 7 7 6 5 5 10 6 6 7 10 9 6 10 6 8 9 8 5 6 8 8 9 9 8 9 6 5 10 10 8 10 6 9 8 7 6 8 9 8 9 7 6 8 5 9 5 7 10 5 6 10 7 10 10 10 6 10 8 9 9 9 6 8 10 6 7 7 9 5 10 9 10 7 6 10 5 5 5 8 6 7 5 5 5 9 6 8 5 7 8 7 9 7 5 10 9 6 10 9 7 10 6 10 8 8 5 7 6 10 9 6 6 5 5 6 8 5 6 10 9 10 7 6 10 7 9 6 6 6 8 9 5 5 6 8 5 9 7 10 6 7 5 8 6 10 9 5 5 7 7 5 6 8 6 8 8 7 6 8 6 5 8 8 7 7 6 8 5 6 8 5 5 5 5 7 6 5 6 10 9 7 6 10 10 8 8 6 7 6 9 5 7 6 5 5 8 5 7 10 5 9 8 8 8 6 8 8 10 6 6 6 9 7 5 5 5 10 5 6 8 7 5 9 10 6 8 6 8 8 7 6 8 6 7 10 9 9 7 5 6 10 10 7 9 8 8 8 6 9 5 8 5 6 7 5 6 7 5 5 8 6 7 8 8 6 8 5 8 10 10 10 10 9 7 10 10 6 9 6 6 9 7 6 5 8 7 6 7 5 5 7 7 8 7 9 6 10 5 5 5 10 10 8 6 8 9 9 8 7 7 5 7 9 7 9 6 8 10 9 8 6 7 6 9 9 9 9 10 5 8 7 9 10 8 5 9 6 6 7 10 9 7 7 10 6 8 10 5 6 5 7 5 10 10 8 6 7 7 7 6 10 9 9 8 5 8 5 7 9 10 7 7 9 8 7 7 7 10 7 9 6 6 5 10 8 10 9 10 6 5 10 8 9 8 6 9 10 7 5 7 6 8 8 10 6 6 9 10 7 5 10 6 10 7 5 9 10 6 10 6 9 7 7 8 7 5 5 6 5 9 7 7 10 7 8 5 6 7 8 8 6 6 7 5 10 6 5 5 9 9 10 10 7 9 8 5 7 10 9 8 5 8 7 7 7 10 5 5 9 6 9 8 6 5 6 9 9 6 8 6 6 9 8 5 6 9 8 5 10 8 7 6 10 7 10 7 8 8 8 6 8 8 7 7 9 10 8 6 9 5 8 8 6 5 8 8 6 5 5 8 5 7 9 9 10 10 8 9 7 10 6 7 6 5 9 10 9 8 9 9 5 5 5 5 9 8 7 10 7 9 9 10 6 5 5 5 5 8 6 10 8 8 5 9 10 7 6 10 7 7 8 9 9 6 6 7 8 5 9 7 5 5 5 5 6 10 8 6 6 10 6 8 6 5 9 5 8 5 9 5 9 9 9 8 6 10 10 5 10 5 7 5 5 10 6 10 7 8 7 8 10 6 5 5 9 10 10 6 10 5 7 8 8 6 6 9 10 10 9 5 8 8 8 6 9 9 7 10 8 6 10 10 9 5 7 6 5 9 10 5 7 6 10 9 6 7 5 5 7 8 9 7 6 9 8 8 8 9 9 8 5 6 5 10 7 8 6 9 6 8 7 8 10 10 6 9 10 7 8 5 5 9 5 9 9 8 10 6 8 7 5 7 5 9 6 7 6 9 8 10 10 5 7 7 5 6 7 10 10 6 9 5 6 8 8 6 5 9 8 7 5 5 8 7 9 10 10 6 10 6 8 6 6 8 5 9 5 9 10 8 8
41 251
32 41
32 357
357 442
699 442
699 56
56 376
376 561
561 94
164 94
164 98
278 200
274 278
923 274
483 923
753 483
753 914
435 914
435 458
458 317
686 317
686 863
574 792
508 574
211 508
249 211
256 249
256 930
393 930
393 259
259 590
590 191
786 191
676 786
676 560
560 375
375 636
45 636
45 206
330 206
724 330
724 189
889 189
889 678
599 678
599 243
243 475
142 475
142 96
202 96
602 202
602 400
400 731
255 731
401 255
401 338
500 338
500 538
538 591
591 64
64 8
8 456
456 700
708 700
793 708
793 114
114 504
3 504
3 192
192 764
764 153
153 88
88 0
139 0
139 304
304 286
286 849
849 919
849 269
919 36
919 46
629 36
395 36
629 26
629 82
26 63
26 65
684 63
769 63
29 684
607 684
916 29
670 916
337 670
337 557
303 557
309 303
309 187
396 187
326 396
326 452
452 548
758 548
758 422
492 422
492 368
868 368
635 868
635 323
876 323
328 876
648 328
648 276
276 163
17 163
17 196
1 196
371 1
371 551
551 179
179 341
341 555
203 555
203 344
344 905
116 905
116 888
888 763
763 450
450 451
894 451
894 679
782 679
782 592
592 606
2 606
2 472
472 887
887 556
556 312
942 312
942 644
644 805
49 805
49 54
54 336
336 562
562 757
562 347
162 757
117 757
162 398
533 398
533 719
391 719
391 581
457 117
365 117
457 125
125 594
594 152
773 152
403 365
762 365
702 403
480 403
702 183
223 183
480 600
225 600
527 762
933 762
347 842
607 767
607 197
79 769
807 769
569 65
264 65
395 248
395 353
101 46
578 46
269 643
588 282
588 518
177 466
177 865
399 526
399 547
315 739
367 531
713 615
732 839
732 736
320 261
320 732
471 261
615 261
471 132
756 132
716 756
521 716
521 70
819 70
623 819
470 623
470 837
229 837
178 229
178 300
300 122
706 122
706 453
517 453
517 267
267 417
926 417
926 625
625 712
628 712
628 879
16 879
16 683
683 477
386 477
386 774
443 774
443 742
742 105
105 751
14 751
121 14
705 121
705 58
58 99
747 99
747 418
418 597
597 439
935 439
935 532
195 532
39 195
39 184
596 184
940 596
940 741
230 741
230 634
634 840
209 840
209 235
235 241
241 920
241 367
743 920
739 920
436 743
399 743
436 612
612 245
363 245
830 363
128 830
128 859
57 859
429 57
429 642
30 642
30 924
924 479
479 516
44 516
796 44
821 796
412 821
21 412
21 342
465 342
906 465
343 906
343 701
810 701
240 810
240 119
119 566
566 66
66 499
254 499
254 881
402 881
402 880
800 880
800 812
794 812
844 794
647 844
647 345
345 425
811 425
559 811
559 11
11 389
389 205
205 674
674 322
322 331
891 331
891 239
239 781
789 781
789 38
38 92
92 864
864 598
864 177
460 598
438 460
616 438
405 616
405 918
918 542
103 542
384 103
384 388
388 836
180 836
618 180
618 877
877 27
27 378
421 378
421 182
604 182
604 133
133 697
697 356
356 174
265 174
689 265
305 689
305 411
411 155
525 155
525 936
936 640
728 640
102 728
102 788
69 788
374 69
80 374
111 80
111 377
377 601
601 826
826 801
181 801
181 449
449 199
645 199
720 645
720 872
872 927
921 927
545 921
660 545
860 660
530 860
664 530
621 664
231 621
572 231
190 231
572 296
91 296
476 91
871 476
784 871
784 779
718 779
718 314
434 314
446 434
446 554
554 83
83 938
262 938
852 262
432 852
432 941
941 440
587 440
587 266
266 149
149 76
76 426
426 43
639 43
639 448
448 790
790 738
42 738
42 875
875 115
115 226
633 226
633 150
544 150
610 544
502 610
214 502
214 848
824 848
145 824
145 651
651 912
912 295
295 53
515 53
733 515
733 310
310 95
59 95
148 59
481 148
481 297
297 168
867 168
424 867
175 867
727 424
727 883
814 883
814 754
291 754
898 291
734 898
734 463
657 463
657 828
846 828
846 654
13 654
13 33
939 33
939 576
97 576
776 97
236 776
509 236
755 509
755 237
641 237
641 667
667 394
394 506
15 506
585 15
415 585
415 890
890 749
370 749
370 272
272 100
156 100
352 156
469 352
858 469
134 858
134 306
901 306
901 193
220 193
220 893
893 558
334 558
334 675
675 665
665 803
565 803
744 565
744 24
24 540
540 9
534 9
534 308
534 87
681 308
750 681
416 750
491 416
355 491
355 319
319 729
729 522
522 407
294 407
294 884
884 431
431 123
620 123
194 620
87 493
473 493
552 473
552 677
677 802
165 802
165 428
238 428
637 238
783 637
783 799
808 799
808 131
519 131
682 519
175 350
869 350
869 486
268 486
268 907
595 907
595 154
154 673
673 107
107 523
582 523
383 582
383 68
528 68
528 242
382 242
12 382
12 366
366 740
785 740
427 785
775 427
137 775
324 137
324 413
413 806
806 433
433 505
505 693
730 693
730 707
707 316
316 358
358 669
669 387
695 387
695 158
873 158
873 627
627 20
20 903
903 710
78 710
78 900
900 841
841 895
71 895
772 71
818 772
280 818
455 280
455 60
60 513
513 694
832 694
494 832
339 832
494 529
106 529
106 536
570 536
570 260
910 260
910 524
543 524
501 543
798 501
798 646
646 361
169 361
655 169
462 655
339 146
339 244
146 692
146 140
692 908
419 908
419 586
586 161
161 141
593 141
329 593
329 886
886 833
302 833
862 302
862 737
737 617
140 874
140 89
928 874
497 928
915 497
611 915
611 108
482 108
482 614
4 614
4 568
568 603
804 603
661 804
409 89
827 409
188 827
188 31
160 31
81 160
715 81
110 715
539 110
112 539
147 112
166 147
244 73
244 28
726 73
292 73
726 467
467 346
250 346
250 507
507 685
198 685
198 496
496 118
118 234
234 631
631 441
414 441
351 292
778 351
778 904
340 904
126 340
120 126
120 575
575 626
834 626
780 834
650 780
650 444
28 485
28 40
37 485
176 485
549 37
853 37
170 549
222 549
170 143
143 392
7 392
381 7
93 381
93 711
711 825
825 649
109 649
222 210
721 210
216 721
216 813
447 813
672 447
34 672
307 34
307 213
853 897
897 263
609 263
354 609
464 354
745 464
498 745
498 822
279 822
279 489
176 84
176 520
84 797
84 284
797 671
671 770
752 770
752 714
608 714
608 325
325 911
680 911
136 680
613 284
212 613
212 882
882 48
48 186
252 186
252 925
925 847
847 172
520 632
520 909
632 171
632 454
171 233
233 787
787 717
90 717
90 423
423 277
277 113
185 113
215 909
934 909
215 735
564 735
564 474
760 474
760 127
127 333
397 333
281 397
35 934
10 934
809 35
580 809
247 580
273 247
151 273
688 151
656 688
929 10
878 10
385 929
854 929
468 385
360 468
318 360
917 318
167 917
854 630
630 817
553 817
857 553
892 857
605 878
653 878
605 5
605 173
709 5
709 257
257 870
866 870
173 659
659 271
687 271
490 687
40 258
40 75
768 258
768 369
369 85
246 85
61 246
61 861
765 861
765 218
771 218
722 771
722 698
932 75
922 75
932 579
932 228
579 287
287 390
372 390
662 372
652 662
652 589
725 589
725 478
478 22
228 638
638 512
348 512
690 348
690 349
349 445
445 845
511 845
511 761
922 829
723 829
723 855
855 541
541 885
583 885
270 583
510 270
484 510
896 484
820 190
588 190
820 157
820 792
408 157
408 129
129 124
379 124
379 691
313 691
313 25
25 791
791 658
658 283
902 283
902 47
406 47
406 52
52 913
359 913
359 380
380 931
487 931
748 487
332 748
62 332
62 777
704 777
704 130
130 461
838 461
430 838
430 77
253 77
253 364
364 815
815 410
298 410
298 23
299 23
67 299
67 851
851 795
74 795
74 55
55 285
563 285
668 563
668 759
816 759
495 816
135 495
135 856
856 18
850 18
72 850
72 546
546 831
831 227
51 227
622 51
138 51
138 327
327 488
488 663
321 663
573 321
573 619
50 619
50 288
503 288
503 290
535 290
535 159
899 159
899 843
843 86
420 86
420 208
208 204
204 275
275 219
514 219
550 514
221 550
571 221
624 571
624 217
217 823
835 823
835 104
104 537
289 537
437 289
293 437
459 293
459 937
937 567
6 567
6 666
666 584
373 584
373 19
19 703
703 201
311 201
311 404
696 404
746 696
746 335
335 232
232 362
301 362
301 207
207 766
766 577
224 577
224 144
144 251
144 200
